959	1408	1063	1441	other
581	146	1015	210	other
1027	146	1223	210	other
236	286	356	334	other
363	286	398	334	other
405	286	705	334	other
236	355	310	389	other
273	401	297	432	other
323	399	375	433	other
380	399	463	433	other
468	399	528	433	other
533	399	590	433	other
273	446	297	477	other
323	444	394	478	other
399	444	517	478	other
522	444	579	478	other
584	444	660	478	other
665	444	752	478	other
757	444	867	478	other
872	444	990	478	other
994	444	1111	478	other
273	490	297	521	other
323	488	394	522	other
399	488	426	522	other
430	488	525	522	other
529	488	634	522	other
639	488	747	522	other
752	488	839	522	other
844	488	900	522	other
905	488	968	522	other
973	488	1032	522	other
1037	488	1091	522	other
1096	488	1123	522	other
1128	488	1221	522	other
236	536	420	569	other
273	582	297	613	other
323	580	387	614	other
392	580	493	614	other
498	580	584	614	other
589	580	615	614	other
620	580	707	614	other
712	580	817	614	other
273	626	297	657	other
323	624	394	658	other
399	624	592	658	other
273	671	297	702	other
323	669	394	703	other
399	669	424	703	other
659	1408	767	1441	other
772	1408	885	1441	other
890	1408	953	1441	other
1068	1408	1096	1441	other
1102	1408	1167	1441	other
1172	1408	1306	1441	other
1310	1408	1337	1441	other
1342	1408	1403	1441	other
1408	1408	1453	1441	other
1458	1408	1494	1441	other
1499	1408	1538	1441	other
309	1443	343	1476	other
347	1443	403	1476	other
408	1443	521	1476	other
526	1443	554	1476	other
559	1443	665	1476	other
236	1483	263	1517	other
268	1483	331	1517	other
259	1534	272	1564	other
309	1532	439	1565	other
450	1532	600	1565	other
611	1532	673	1565	other
683	1532	779	1565	other
790	1532	942	1565	other
953	1532	1063	1565	other
1073	1532	1120	1565	other
1131	1532	1196	1565	other
1207	1532	1369	1565	other
1380	1532	1427	1565	other
1437	1532	1538	1565	other
309	1567	399	1601	other
403	1567	506	1601	other
511	1567	634	1601	other
638	1567	707	1601	other
712	1567	801	1601	other
259	1612	272	1643	other
309	1610	414	1644	other
419	1610	577	1644	other
582	1610	671	1644	other
676	1610	801	1644	other
806	1610	861	1644	other
866	1610	922	1644	other
926	1610	973	1644	other
978	1610	1058	1644	other
1070	1610	1154	1644	other
1159	1610	1198	1644	other
1203	1610	1290	1644	other
259	1656	272	1686	other
309	1654	399	1687	other
403	1654	467	1687	other
472	1654	574	1687	other
579	1654	643	1687	other
648	1654	753	1687	other
757	1654	795	1687	other
800	1654	873	1687	other
878	1654	896	1687	other
259	1699	272	1730	other
309	1697	399	1731	other
415	1697	485	1731	other
501	1697	603	1731	other
619	1697	689	1731	other
705	1697	818	1731	other
834	1697	916	1731	other
932	1697	1077	1731	other
1094	1697	1132	1731	other
1148	1697	1205	1731	other
1221	1697	1275	1731	other
1291	1697	1372	1731	other
1387	1697	1434	1731	other
1450	1697	1538	1731	other
309	1732	448	1766	other
463	1867	642	1900	other
444	810	491	844	company_date
236	810	332	844	company_date
429	669	532	703	other
537	669	594	703	other
599	669	688	703	other
693	669	740	703	other
745	669	834	703	other
236	744	566	791	other
574	744	779	791	other
969	851	982	884	other
987	851	1048	884	other
1052	851	1155	884	other
1160	851	1187	884	other
1192	851	1246	884	other
236	896	263	930	other
268	896	327	930	other
338	896	441	930	other
452	896	514	930	other
525	896	594	930	other
604	896	728	930	other
739	896	882	930	other
893	896	937	930	other
947	896	974	930	other
985	896	1039	930	other
1049	896	1133	930	other
1144	896	1191	930	other
1202	896	1324	930	other
1335	896	1421	930	other
1431	896	1470	930	other
1481	896	1538	930	other
236	937	377	970	other
382	937	429	970	other
434	937	506	970	other
236	982	263	1015	other
268	982	375	1016	other
380	982	478	1016	other
484	982	593	1016	other
599	982	615	1016	other
621	982	709	1016	other
714	982	753	1016	other
758	982	817	1016	other
823	982	938	1016	other
943	982	992	1016	other
997	982	1042	1016	other
1048	982	1146	1016	other
1152	982	1168	1016	other
1173	982	1236	1016	other
1241	982	1310	1016	other
1316	982	1344	1016	other
1350	982	1469	1016	other
1475	982	1537	1016	other
236	1022	265	1056	other
270	1022	295	1056	other
300	1022	388	1056	other
393	1022	409	1056	other
414	1022	476	1056	other
481	1022	587	1056	other
592	1022	673	1056	other
678	1022	694	1056	other
699	1022	785	1056	other
789	1022	901	1056	other
236	1067	263	1101	other
268	1068	339	1101	other
259	1118	272	1149	other
309	1116	439	1150	other
450	1116	600	1150	other
884	1773	897	1807	other
902	1773	963	1807	other
967	1773	1070	1807	other
1075	1773	1102	1807	other
1107	1773	1209	1807	other
236	1818	263	1852	other
268	1818	358	1852	other
362	1818	426	1852	other
431	1818	526	1852	other
530	1818	618	1852	other
259	1869	272	1899	other
309	1867	421	1900	other
428	1867	455	1900	other
650	1867	738	1900	other
745	1867	784	1900	other
792	1867	885	1900	other
893	1867	1015	1900	other
1023	1867	1088	1900	other
1096	1867	1252	1900	other
1260	1867	1286	1900	other
1294	1867	1378	1900	other
1386	1867	1472	1900	other
1480	1867	1537	1900	other
309	1902	356	1935	other
361	1902	416	1935	other
421	1902	479	1935	other
483	1902	584	1935	other
589	1902	636	1935	other
641	1902	708	1935	other
713	1902	748	1935	other
259	1947	272	1978	other
309	1945	404	1979	other
413	1945	432	1979	other
441	1945	511	1979	other
521	1945	651	1979	other
660	1945	747	1979	other
756	1945	796	1979	other
806	1945	873	1979	other
883	1945	965	1979	other
975	1945	1072	1979	other
1082	1945	1129	1979	other
1138	1945	1262	1979	other
1271	1945	1357	1979	other
337	810	440	844	company_date
496	810	585	844	company_date
590	810	724	844	company_name
236	851	350	884	position
355	851	463	884	position
566	851	627	884	project_name
631	851	721	884	project_name
355	1235	463	1269	position
759	1235	828	1269	project_name
468	1773	561	1807	project_name
702	1773	788	1807	project_name
793	1773	879	1807	project_name
566	1773	698	1807	project_name
355	1773	463	1807	position
236	1773	350	1807	position
679	1235	754	1269	project_name
566	1235	674	1269	project_name
468	1235	561	1269	project_name
236	1235	350	1269	position
873	851	964	884	project_name
757	851	869	884	project_name
725	851	752	884	project_name
468	851	561	884	project_name
729	810	801	844	company_name
419	1195	577	1228	other
610	1116	673	1150	other
683	1116	779	1150	other
790	1116	942	1150	other
952	1116	1063	1150	other
1073	1116	1120	1150	other
1131	1116	1196	1150	other
1207	1116	1369	1150	other
1379	1116	1426	1150	other
1437	1116	1538	1150	other
309	1151	399	1185	other
403	1151	506	1185	other
511	1151	634	1185	other
638	1151	707	1185	other
712	1151	801	1185	other
259	1197	272	1227	other
309	1195	414	1228	other
582	1195	671	1228	other
676	1195	801	1228	other
806	1195	861	1228	other
866	1195	922	1228	other
926	1195	973	1228	other
978	1195	1057	1228	other
1070	1195	1154	1228	other
1159	1195	1197	1228	other
1202	1195	1290	1228	other
832	1235	845	1269	other
850	1235	911	1269	other
915	1235	1019	1269	other
1023	1235	1050	1269	other
1055	1235	1109	1269	other
236	1280	263	1314	other
268	1281	358	1314	other
362	1281	426	1314	other
431	1281	526	1314	other
531	1281	595	1314	other
599	1281	626	1314	other
631	1281	695	1314	other
259	1331	272	1362	other
309	1329	354	1363	other
359	1329	452	1363	other
457	1329	572	1363	other
577	1329	620	1363	other
625	1329	652	1363	other
656	1329	754	1363	other
759	1329	834	1363	other
839	1329	936	1363	other
941	1329	1064	1363	other
1068	1329	1128	1363	other
1133	1329	1240	1363	other
1245	1329	1316	1363	other
259	1375	272	1405	other
309	1373	407	1406	other
417	1373	481	1406	other
491	1373	517	1406	other
527	1373	591	1406	other
601	1373	678	1406	other
688	1373	749	1406	other
759	1373	851	1406	other
861	1373	971	1406	other
981	1373	1038	1406	other
1048	1373	1155	1406	other
1164	1373	1250	1406	other
1260	1373	1348	1406	other
1358	1373	1405	1406	other
1415	1373	1538	1406	other
309	1408	395	1441	other
400	1408	496	1441	other
501	1408	654	1441	other
1367	1945	1391	1979	other
1401	1945	1538	1979	other
309	1980	375	2014	other
380	1980	452	2014	other
457	1980	551	2014	other
556	1980	603	2014	other
608	1980	682	2014	other
687	1980	791	2014	other
236	2020	263	2054	other
268	2021	331	2054	other
259	2071	272	2102	other
309	2069	439	2103	other
450	2069	601	2103	other
612	2069	674	2103	other
685	2069	781	2103	other
793	2069	945	2103	other
956	2069	1003	2103	other
1014	2069	1115	2103	other
1126	2069	1216	2103	other
1227	2069	1319	2103	other
1330	2069	1405	2103	other
1416	2069	1538	2103	other
309	2104	402	2138	other
407	2104	529	2138	other
534	2104	678	2138	other
683	2104	808	2138	other
259	2150	272	2181	other
309	2148	414	2182	other
425	2148	583	2182	other
595	2148	684	2182	other
695	2148	820	2182	other
832	2148	921	2182	other
932	2148	1022	2182	other
1033	2148	1095	2182	other
1106	2148	1180	2182	other
1192	2148	1248	2182	other
1259	2148	1328	2182	other
1339	2148	1404	2182	other
1416	2148	1538	2182	other