601	887	639	921	other
510	752	591	785	other
259	799	272	830	other
309	797	382	831	other
386	797	479	831	other
484	797	618	831	other
622	797	753	831	other
758	797	856	831	other
861	797	914	831	other
919	797	946	831	other
951	797	994	831	other
999	797	1086	831	other
236	887	263	920	other
268	887	341	921	other
345	887	374	921	other
236	977	263	1010	other
268	977	341	1011	other
345	977	374	1011	other
616	977	654	1011	other
236	1104	456	1151	other
463	1104	734	1151	other
236	1172	288	1206	other
293	1172	370	1206	other
236	1220	293	1253	other
236	1267	296	1301	other
301	1267	329	1301	other
334	1267	403	1301	other
236	1314	328	1348	other
333	1314	419	1348	other
435	1314	516	1348	other
236	1361	347	1395	other
236	1409	327	1442	other
332	1409	417	1442	other
236	1456	320	1489	other
435	1456	680	1489	email
236	1532	481	1579	other
250	1608	330	1641	other
335	1608	363	1641	other
309	666	411	700	other
332	489	424	523	project_name
429	489	503	523	project_name
236	847	332	880	company_date
379	887	456	921	position
644	887	728	921	company_name
733	887	841	921	company_name
457	936	560	970	company_date
379	977	471	1011	position
476	977	611	1011	position
770	977	856	1011	company_name
435	1172	504	1206	name
509	1172	555	1206	name
560	1172	625	1206	name
435	1267	497	1301	date_of_birth
435	1361	484	1395	address
489	1361	601	1395	address
606	1361	706	1395	address
711	1361	779	1395	address
504	1409	538	1442	phone
581	1409	623	1442	phone
696	1409	730	1442	phone
734	1409	768	1442	phone
250	1662	357	1695	certificate
436	1662	536	1695	certificate
363	1697	388	1731	certificate
393	1697	477	1731	certificate
250	1739	343	1772	certificate
367	1910	477	1944	certificate
236	489	327	523	position
508	489	594	523	project_name
336	846	439	879	company_date
444	847	491	880	company_date
496	847	599	880	company_date
461	887	596	921	position
236	936	332	970	company_date
337	936	401	970	company_date
405	936	452	970	company_date
659	977	765	1011	company_name
435	1220	528	1253	gender
502	1267	543	1301	date_of_birth
548	1267	612	1301	date_of_birth
784	1361	832	1395	address
837	1361	914	1395	address
435	1409	500	1442	phone
543	1409	576	1442	phone
742	312	782	345	other
795	312	876	345	other
881	312	928	345	other
932	312	1037	345	other
1042	312	1070	345	other
1075	312	1254	345	other
1259	312	1346	345	other
358	360	371	394	other
408	360	464	394	other
468	360	549	394	other
358	403	371	437	other
408	403	464	437	other
468	403	573	437	other
578	403	604	437	other
609	403	671	437	other
273	446	285	477	other
323	444	426	478	other
431	444	490	478	other
495	444	579	478	other
584	444	617	478	other
622	444	718	478	other
723	444	810	478	other
606	489	619	523	other
624	489	685	523	other
690	489	793	523	other
797	489	824	523	other
829	489	932	523	other
259	537	272	567	other
309	535	392	568	other
401	535	446	568	other
455	535	571	568	other
580	535	627	568	other
635	535	735	568	other
744	535	790	568	other
798	535	866	568	other
875	535	957	568	other
965	535	999	568	other
1008	535	1114	568	other
1123	535	1295	568	other
1305	535	1352	568	other
1361	535	1425	568	other
309	575	395	609	other
400	575	444	609	other
448	575	511	609	other
516	575	561	609	other
566	575	634	609	other
259	623	272	653	other
309	621	365	654	other
370	621	430	654	other
435	621	468	654	other
473	621	527	654	other
532	621	604	654	other
609	621	666	654	other
671	621	731	654	other
736	621	819	654	other
259	668	272	699	other
418	666	475	700	other
482	666	529	700	other
537	666	613	700	other
620	666	680	700	other
688	666	757	700	other
764	666	885	700	other
893	666	992	700	other
1000	666	1048	700	other
1056	666	1152	700	other
1159	666	1206	700	other
1214	666	1289	700	other
1296	666	1345	700	other
1353	666	1377	700	other
1385	666	1425	700	other
309	706	356	740	other
259	754	272	784	other
309	752	365	785	other
369	752	474	785	other
479	752	505	785	other
367	1833	477	1867	certificate
358	141	371	174	other
408	141	464	174	other
469	141	529	174	other
534	141	579	174	other
584	141	650	174	other
654	141	701	174	other
706	141	816	174	other
821	141	890	174	other
895	141	1030	174	other
1035	141	1092	174	other
1096	141	1186	174	other
1191	141	1286	174	other
1291	141	1324	174	other
1329	141	1437	174	other
358	184	371	218	other
408	184	464	218	other
469	184	522	218	other
527	184	554	218	other
559	184	643	218	other
647	184	674	218	other
679	184	724	218	other
358	228	371	261	other
408	228	511	261	other
516	228	621	261	other
625	228	671	261	other
676	228	709	261	other
714	228	798	261	other
358	271	371	305	other
408	271	511	305	other
516	271	564	305	other
569	271	672	305	other
677	271	813	305	other
817	271	873	305	other
273	314	285	345	other
323	312	419	345	other
424	312	469	345	other
474	312	530	345	other
535	312	581	345	other
586	312	687	345	other
692	312	737	345	other
368	1608	510	1641	other
563	1608	642	1641	other
647	1608	675	1641	other
680	1608	778	1641	other
783	1608	923	1641	other
1225	1608	1289	1641	other
1088	1590	1155	1624	other
1170	1590	1198	1624	other
1088	1625	1187	1659	other
563	1679	671	1713	other
676	1679	802	1713	other
807	1679	939	1713	other
1088	1679	1152	1713	other
563	1739	686	1772	other
691	1739	840	1772	other
845	1739	939	1772	other
944	1739	1038	1772	other
1088	1739	1152	1772	other
1225	1739	1306	1772	other
1311	1739	1360	1772	other
563	1786	738	1820	other
1088	1786	1152	1820	other
563	1833	686	1867	other
691	1833	768	1867	other
1088	1833	1152	1867	other
1225	1833	1278	1867	other
1283	1833	1349	1867	other
1225	1875	1384	1909	other
1445	1875	1552	1909	other
1225	1910	1283	1944	other
1288	1910	1363	1944	other
1368	1910	1425	1944	other
1430	1910	1463	1944	other
1468	1910	1534	1944	other
563	1893	628	1926	other
633	1893	711	1926	other
1088	1893	1152	1926	other
1096	1959	1181	1993	other
1186	1959	1277	1993	other
1282	1959	1316	1993	other
1328	1959	1339	1993	other
1343	1959	1407	1993	other
1313	1957	1331	1979	other
1135	2006	1228	2040	other
1233	2006	1350	2040	other
1135	2150	1204	2183	other
1209	2150	1255	2183	other
1260	2150	1325	2183	other
488	1532	523	1579	other
531	1532	801	1579	other
627	1409	692	1442	phone
772	1409	806	1442	phone
373	1662	420	1695	certificate
250	1697	359	1731	certificate
250	1786	330	1820	certificate
250	1833	362	1867	certificate
250	1875	377	1909	certificate
250	1910	362	1944	certificate