836	2115	852	2146	other
1025	2033	1081	2064	other
935	2033	1022	2064	other
880	2033	932	2064	other
738	2033	754	2064	other
210	2033	312	2064	other
836	2037	852	2068	other
168	2037	183	2068	other
638	1511	713	1542	other
519	1511	636	1542	other
441	1511	517	1542	other
399	1514	414	1545	other
791	1471	880	1502	other
744	1471	788	1502	other
699	1471	741	1502	other
618	1471	697	1502	other
528	1471	615	1502	other
441	1471	525	1502	other
399	1475	414	1506	other
697	1371	712	1402	other
654	1371	694	1402	other
540	1371	651	1402	other
399	1371	537	1402	other
887	1337	955	1368	other
848	1337	884	1368	other
672	1337	845	1368	other
618	1337	669	1368	other
531	1232	591	1263	other
1410	2112	1426	2143	other
1145	2033	1215	2064	other
946	2112	1014	2143	other
880	2112	943	2143	other
1084	2033	1142	2064	other
1400	2072	1435	2103	other
880	2072	1051	2103	other
728	2072	764	2103	other
210	2072	354	2103	other
836	2076	852	2107	other
168	2076	183	2107	other
1400	2033	1435	2064	other
514	1337	615	1368	other
399	1337	512	1368	other
1370	1303	1475	1334	other
1295	1303	1367	1334	other
777	1232	887	1263	other
746	1232	774	1263	other
651	1232	743	1263	other
594	1232	649	1263	other
399	1554	414	1585	other
805	1511	941	1542	other
751	1511	803	1542	other
716	1511	748	1542	other
594	761	649	792	other
531	761	591	792	other
441	761	528	792	other
399	765	414	796	other
946	722	1007	753	other
892	722	943	753	other
830	726	889	757	other
750	726	827	757	other
706	726	748	757	other
614	726	703	757	other
505	726	611	757	other
441	726	502	757	other
399	726	414	757	other
466	683	561	714	other
399	683	463	714	other
485	612	633	643	other
441	612	482	643	other
1158	572	1233	603	other
1001	572	1154	603	other
895	572	997	603	other
794	572	891	603	other
674	572	790	603	other
521	572	670	603	other
441	572	517	603	other
1085	533	1234	564	other
991	533	1083	564	other
967	533	989	564	other
878	533	965	564	other
787	533	876	564	other
693	533	784	564	other
574	533	691	564	other
531	533	572	564	other
441	533	529	564	other
1140	494	1233	525	other
1011	494	1130	525	other
882	494	1001	525	other
770	494	872	525	other
658	494	761	525	other
561	494	649	525	other
738	1955	754	1986	other
375	1955	518	1986	other
330	1955	372	1986	other
210	1955	327	1986	other
836	1958	852	1989	other
168	1958	183	1989	other
1400	1915	1435	1946	other
1183	1915	1277	1946	other
1132	1915	1180	1946	other
1061	1915	1129	1946	other
988	1915	1058	1946	other
920	1915	985	1946	other
880	1915	917	1946	other
738	1915	754	1946	other
1410	1994	1426	2025	other
1103	1994	1198	2025	other
651	1668	743	1699	other
746	1668	774	1699	other
777	1668	868	1699	other
166	1739	245	1774	other
333	1810	428	1841	other
431	1810	486	1841	other
720	1810	772	1841	other
1006	1810	1109	1841	other
1112	1810	1167	1841	other
1392	1810	1443	1841	other
168	1880	183	1911	other
836	1880	852	1911	other
210	1876	281	1907	other
284	1876	453	1907	other
738	1876	754	1907	other
880	1876	988	1907	other
1400	1876	1435	1907	other
168	1919	183	1950	other
836	1919	852	1950	other
1058	1994	1100	2025	other
962	1994	1055	2025	other
880	1994	959	2025	other
738	1994	754	2025	other
382	1994	439	2025	other
336	1994	378	2025	other
210	1994	333	2025	other
836	1998	852	2029	other
168	1998	183	2029	other
210	1915	324	1946	other
1410	1955	1426	1986	other
880	1955	1127	1986	other
519	494	551	525	other
479	494	509	525	other
441	494	470	525	other
399	498	414	529	other
441	455	572	486	other
594	1668	649	1699	other
531	1668	591	1699	other
441	1668	528	1699	other
399	1671	414	1702	other
999	1628	1104	1659	other
880	1628	996	1659	other
769	1628	877	1659	other
724	1628	766	1659	other
617	1628	721	1659	other
593	1628	615	1659	other
505	1628	590	1659	other
441	1628	502	1659	other
399	1632	414	1663	other
441	1589	563	1620	other
1100	1550	1233	1581	other
1049	1550	1091	1581	other
994	1550	1040	1581	other
961	1550	985	1581	other
826	1550	951	1581	other
794	1550	816	1581	other
681	1550	785	1581	other
626	1550	671	1581	other
568	1550	617	1581	other
441	1550	558	1581	other
441	1114	502	1145	other
886	337	942	368	other
841	337	883	368	other
1076	419	1140	450	other
632	337	838	368	other
1145	419	1233	450	other
651	761	743	792	other
746	761	774	792	other
777	761	811	792	other
814	761	889	792	other
1295	833	1367	864	other
1370	833	1475	864	other
399	867	474	898	other
477	867	566	898	other
569	867	620	898	other
623	867	710	898	other
713	867	750	898	other
753	867	779	898	other
782	867	825	898	other
828	867	905	898	other
908	867	940	898	other
943	867	1047	898	other
1050	867	1136	898	other
399	901	464	932	other
467	901	543	932	other
399	935	483	966	other
485	935	528	966	other
531	935	652	966	other
655	935	787	966	other
399	1039	414	1070	other
441	1035	528	1066	other
529	1035	571	1066	other
572	1035	632	1066	other
634	1035	681	1066	other
683	1035	776	1066	other
778	1035	819	1066	other
821	1035	928	1066	other
930	1035	1066	1066	other
1068	1035	1109	1066	other
1111	1035	1233	1066	other
399	1078	414	1109	other
441	1075	514	1106	other
517	1075	541	1106	other
544	1075	579	1106	other
582	1075	697	1106	other
699	1075	763	1106	other
766	1075	860	1106	other
399	1117	414	1148	other
505	1114	547	1145	other
549	1114	618	1145	other
621	1114	646	1145	other
648	1114	704	1145	other
707	1114	829	1145	other
831	1114	895	1145	other
898	1114	988	1145	other
990	1114	1091	1145	other
399	1157	414	1188	other
441	1153	558	1184	other
572	1153	621	1184	other
634	1153	744	1184	other
757	1153	886	1184	other
900	1153	925	1184	other
938	1153	1069	1184	other
1083	1153	1166	1184	other
1180	1153	1233	1184	other
441	1196	535	1227	other
536	1196	569	1227	other
570	1196	682	1227	other
684	1196	798	1227	other
800	1196	901	1227	other
902	1196	989	1227	other
991	1196	1060	1227	other
1062	1196	1115	1227	other
1117	1196	1234	1227	other
399	1235	414	1266	other
441	1232	528	1263	other
399	1405	520	1436	position
817	1303	942	1334	company_name
652	1303	814	1334	company_name
477	1303	649	1334	company_name
399	1303	474	1334	company_name
168	1303	357	1334	company_date
399	969	520	1000	position
703	833	799	864	company_name
553	833	701	864	company_name
477	833	550	864	company_name
399	833	474	864	company_name
168	833	357	864	company_date
514	337	629	368	other
441	337	512	368	other
399	341	414	372	other
497	297	592	328	other
399	297	494	328	other
977	419	1070	450	other
932	419	972	450	other
817	419	926	450	other
784	419	812	450	other
686	419	778	450	other
597	419	680	450	other
547	419	591	450	other
505	419	541	450	other
471	419	500	450	other
441	419	465	450	other
1188	376	1234	407	other
1105	376	1187	407	other
1077	376	1103	407	other
1051	376	1075	407	other
989	376	1050	407	other
873	376	988	407	other
818	376	871	407	other
735	376	817	407	other
629	376	733	407	other
595	376	628	407	other
471	376	593	407	other
441	376	470	407	other
399	380	414	411	other
1081	337	1180	368	other
1046	337	1078	368	other
985	337	1043	368	other
944	337	982	368	other