848	1942	953	1970	other
401	109	476	146	other
483	109	582	146	other
589	109	707	146	other
714	109	817	146	other
824	109	925	146	other
932	109	985	146	other
992	109	1095	146	other
1102	109	1179	146	other
1186	109	1264	146	other
1271	109	1351	146	other
447	150	517	187	other
524	150	589	187	other
596	150	716	187	other
723	150	773	187	other
780	150	871	187	other
878	150	890	187	other
896	150	1000	187	other
1006	150	1305	187	other
391	287	526	326	name
534	287	591	326	name
391	332	506	363	other
511	332	601	363	other
817	293	833	313	other
1229	293	1245	313	other
849	363	1124	392	email
815	367	835	387	other
1228	367	1246	387	other
1172	1046	1285	1075	other
1289	1046	1375	1075	other
1380	1046	1482	1075	other
1487	1046	1518	1075	other
1522	1046	1565	1075	other
1569	1046	1594	1075	other
276	1084	346	1113	other
351	1084	375	1113	other
379	1084	432	1113	other
436	1084	482	1113	other
486	1084	551	1113	other
556	1084	581	1113	other
585	1084	672	1113	other
676	1084	727	1113	other
276	1123	287	1151	other
291	1123	415	1151	other
419	1123	540	1151	other
544	1123	568	1151	other
573	1123	666	1151	other
671	1123	723	1151	other
727	1123	887	1151	other
891	1123	984	1151	other
989	1123	1034	1151	other
1039	1123	1124	1151	other
1128	1123	1209	1151	other
1214	1123	1297	1151	other
1302	1123	1377	1151	other
1381	1123	1405	1151	other
1410	1123	1469	1151	other
1474	1123	1582	1151	other
276	1161	406	1190	other
276	1200	287	1228	other
291	1200	386	1228	other
391	1200	415	1228	other
419	1200	506	1228	other
510	1200	561	1228	other
565	1200	611	1228	other
615	1200	703	1228	other
708	1200	767	1228	other
276	1417	287	1446	other
291	1417	393	1446	other
398	1417	436	1446	other
440	1417	563	1446	other
567	1417	591	1446	other
595	1417	690	1446	other
695	1417	840	1446	other
844	1417	968	1446	other
820	1942	844	1970	other
958	1942	1020	1970	other
1025	1942	1078	1970	other
1083	1942	1162	1970	other
1167	1942	1270	1970	other
276	2159	287	2188	other
291	2159	337	2188	other
341	2159	410	2188	other
415	2159	467	2188	other
472	2159	517	2188	other
521	2159	587	2188	other
276	2198	287	2226	other
291	2198	405	2226	other
409	2198	493	2226	other
497	2198	597	2226	other
601	2198	626	2226	other
631	2198	660	2226	other
665	2198	746	2226	other
276	2236	287	2265	other
371	2236	402	2265	other
406	2236	493	2265	other
497	2236	580	2265	other
584	2236	629	2265	other
634	2236	756	2265	other
760	2236	783	2265	other
787	2236	826	2265	other
830	2236	899	2265	other
120	637	156	674	other
1359	1746	1403	1774	company_date
1407	1746	1467	1774	company_date
1471	1746	1482	1774	company_date
1487	1746	1535	1774	company_date
1540	1746	1599	1774	company_date
276	2077	343	2110	company_name
348	2077	467	2110	company_name
1329	477	1406	505	address
1363	2078	1406	2107	company_date
1261	438	1322	467	address
1326	438	1404	467	address
1409	438	1458	467	address
1463	438	1530	467	address
1261	477	1325	505	address
1410	2078	1470	2107	company_date
1475	2078	1486	2107	company_date
1410	477	1485	505	address
1490	477	1559	505	address
1261	515	1338	544	address
1342	515	1438	544	address
276	695	328	728	company_name
334	695	469	728	company_name
474	695	628	728	company_name
634	695	693	728	company_name
1376	696	1423	725	company_date
598	287	701	326	name
849	289	1049	317	phone
1261	289	1349	317	gender
1261	363	1392	392	date_of_birth
1491	2078	1535	2107	company_date
1540	2078	1599	2107	company_date
276	735	399	768	position
405	735	502	768	position
276	1375	399	1408	position
405	1375	502	1408	position
276	1785	340	1818	position
345	1785	491	1818	position
276	2118	381	2150	position
381	1455	473	1484	other
586	1455	681	1484	other
276	1494	287	1522	other
291	1494	368	1522	other
291	2236	366	2265	other
557	1744	682	1777	company_name
340	1744	552	1777	company_name
276	1744	335	1777	company_name
1538	1336	1598	1365	company_date
1487	1336	1534	1365	company_date
1471	1336	1482	1365	company_date
1407	1336	1467	1365	company_date
1355	1336	1403	1365	company_date
887	1335	1009	1368	company_name
813	1335	882	1368	company_name
673	1335	807	1368	company_name
602	1335	668	1368	company_name
460	1335	596	1368	company_name
388	1335	454	1368	company_name
276	1335	383	1368	company_name
1508	696	1599	725	company_date
1492	696	1503	725	company_date
1427	696	1487	725	company_date
476	1609	521	1638	other
385	1609	471	1638	other
291	1609	381	1638	other
276	1609	287	1638	other
995	1571	1100	1599	other
941	1571	990	1599	other
893	1571	937	1599	other
777	1571	888	1599	other
742	1571	773	1599	other
681	1571	737	1599	other
620	1571	676	1599	other
558	1571	615	1599	other
509	1571	554	1599	other
389	1571	504	1599	other
291	1571	385	1599	other
276	1571	287	1599	other
888	1532	946	1561	other
855	1532	884	1561	other
806	1532	851	1561	other
709	1532	801	1561	other
655	1532	705	1561	other
558	1532	651	1561	other
530	1532	554	1561	other
410	1532	526	1561	other
358	1532	406	1561	other
291	1532	353	1561	other
276	1532	287	1561	other
937	1494	1000	1522	other
756	1494	932	1522	other
706	1494	752	1522	other
611	1494	702	1522	other
554	1494	607	1522	other
519	1494	550	1522	other
422	1494	514	1522	other
372	1494	418	1522	other
276	633	374	674	other
382	633	585	674	other
276	777	287	806	other
291	777	385	806	other
389	777	515	806	other
519	777	671	806	other
676	777	721	806	other
725	777	829	806	other
833	777	926	806	other
930	777	953	806	other
957	777	1019	806	other
1024	777	1048	806	other
1052	777	1105	806	other
1109	777	1169	806	other
1173	777	1268	806	other
1273	777	1321	806	other
1325	777	1380	806	other
276	816	287	844	other
291	816	351	844	other
355	816	402	844	other
406	816	429	844	other
433	816	472	844	other
476	816	588	844	other
593	816	710	844	other
715	816	811	844	other
816	816	861	844	other
865	816	952	844	other
956	816	980	844	other
985	816	1081	844	other
1086	816	1111	844	other
1116	816	1236	844	other
276	854	287	883	other
291	854	376	883	other
381	854	439	883	other
443	854	466	883	other
470	854	608	883	other
612	854	658	883	other
662	854	719	883	other
723	854	771	883	other
776	854	925	883	other
929	854	989	883	other
993	854	1017	883	other
1022	854	1123	883	other
1127	854	1233	883	other
1238	854	1326	883	other
276	892	287	921	other
291	892	383	921	other
972	1417	1144	1446	other
1148	1417	1286	1446	other
1290	1417	1336	1446	other
1340	1417	1440	1446	other
1444	1417	1566	1446	other
276	1455	348	1484	other
352	1455	376	1484	other
477	1455	581	1484	other
1089	892	1117	921	other
849	438	926	467	other
930	438	1062	467	other
816	442	835	462	other
1230	442	1242	462	other
388	892	436	921	other
440	892	555	921	other
560	892	584	921	other
588	892	706	921	other
710	892	749	921	other
753	892	879	921	other
883	892	1035	921	other
871	1046	980	1075	other
777	1046	867	1075	other
664	1046	773	1075	other
615	1046	659	1075	other
587	1046	611	1075	other
533	1046	582	1075	other
497	1046	528	1075	other
372	1046	493	1075	other
291	1046	368	1075	other
276	1046	287	1075	other
659	1008	787	1036	other
568	1008	655	1036	other
519	1008	564	1036	other
428	1008	514	1036	other
291	1008	423	1036	other
276	1008	287	1036	other
1171	969	1249	998	other
1142	969	1166	998	other
989	969	1138	998	other
885	969	984	998	other
827	969	881	998	other
762	969	823	998	other
666	969	757	998	other
627	969	662	998	other
584	969	622	998	other
557	969	580	998	other
432	969	553	998	other
291	969	427	998	other
276	969	287	998	other
629	931	735	959	other
575	931	625	959	other
527	931	571	959	other
477	931	523	959	other
403	931	473	959	other
355	931	399	959	other
291	931	351	959	other
276	931	287	959	other
1122	892	1180	921	other
1039	892	1085	921	other
702	1942	816	1970	other
618	1942	698	1970	other
575	1942	614	1970	other
540	1942	571	1970	other
466	1942	536	1970	other
359	1942	462	1970	other
291	1942	355	1970	other
276	1942	287	1970	other
1141	1903	1225	1932	other
1037	1903	1137	1932	other
1009	1903	1033	1932	other
961	1903	1005	1932	other
918	1903	956	1932	other
891	1903	914	1932	other
799	1903	887	1932	other
708	1903	794	1932	other
658	1903	703	1932	other
502	1903	653	1932	other
389	1903	497	1932	other
291	1903	385	1932	other
276	1903	287	1932	other
335	1865	415	1894	other
276	1865	331	1894	other
1497	1827	1590	1855	other
1460	1827	1492	1855	other
1276	1827	1455	1855	other
1241	1827	1272	1855	other
1164	1827	1236	1855	other
1008	1827	1160	1855	other
918	1827	1003	1855	other
897	1827	914	1855	other
766	1827	892	1855	other
739	1827	761	1855	other
605	1827	734	1855	other
497	1827	601	1855	other
393	1827	493	1855	other
358	1827	389	1855	other
291	1827	353	1855	other
276	1827	287	1855	other
912	1609	1088	1638	other
854	1609	908	1638	other
804	1609	850	1638	other
726	1609	800	1638	other
634	1609	722	1638	other
526	1609	629	1638	other
1086	1046	1168	1075	other
985	1046	1081	1075	other