750	662	913	693	other
1069	662	1095	693	other
1100	662	1162	693	other
1167	662	1240	693	other
1252	662	1263	693	other
1268	662	1360	693	other
1365	662	1406	693	other
249	1268	413	1298	other
249	1306	369	1337	other
374	1306	401	1337	other
576	1305	696	1336	other
576	1037	690	1068	certificate
715	550	764	581	phone
661	550	710	581	phone
592	550	656	581	phone
592	476	655	506	gender
831	439	892	469	nation
775	439	826	469	nation
689	401	741	432	name
630	401	684	432	name
592	401	625	432	name
1064	1267	1184	1297	certificate
1033	1267	1059	1297	certificate
918	1267	1028	1297	certificate
863	1267	912	1297	certificate
701	1267	858	1297	certificate
576	1267	696	1297	certificate
249	1345	403	1376	other
408	1345	435	1376	other
576	1344	667	1375	other
672	1344	733	1375	other
283	1508	491	1550	other
668	1605	754	1635	other
978	1605	1054	1635	other
1293	1605	1346	1635	other
249	1644	398	1674	other
698	1648	723	1679	other
249	1690	372	1721	other
249	1730	343	1761	other
1318	1735	1343	1766	other
618	215	850	293	other
868	215	1083	293	other
249	401	326	432	other
576	401	587	432	other
249	439	310	469	other
576	439	587	469	other
676	439	770	469	other
249	476	299	506	other
576	476	587	506	other
249	513	330	544	other
576	513	587	544	other
592	513	877	544	email
249	550	332	581	other
576	550	587	581	other
249	662	260	693	other
265	662	306	693	other
311	662	357	693	other
361	662	418	693	other
423	662	517	693	other
522	662	548	693	other
553	662	594	693	other
599	662	714	693	other
719	662	745	693	other
918	662	1064	693	other
249	1077	369	1107	other
576	1076	695	1106	other
700	1076	726	1106	other
730	1076	894	1106	other
898	1076	1044	1106	other
1049	1076	1161	1106	other
249	1116	403	1146	other
408	1116	435	1146	other
249	699	406	730	other
411	699	482	730	other
487	699	513	730	other
518	699	584	730	other
589	699	716	730	other
721	699	778	730	other
783	699	794	730	other
798	699	886	730	other
891	699	915	730	other
920	699	962	730	other
966	699	1083	730	other
1088	699	1123	730	other
1128	699	1174	730	other
1179	699	1273	730	other
1278	699	1327	730	other
249	736	372	767	other
377	736	403	767	other
408	736	470	767	other
475	736	516	767	other
521	736	632	767	other
636	736	707	767	other
628	1218	705	1254	other
557	1218	621	1254	other
516	1218	551	1254	other
424	1218	501	1254	other
357	1218	417	1254	other
264	1218	351	1254	other
249	1216	259	1247	other
663	1115	803	1145	other
712	736	738	767	other
743	736	844	767	other
849	736	883	767	other
888	736	969	767	other
974	736	1097	767	other
1102	736	1128	767	other
1133	736	1260	767	other
249	773	260	804	other
265	773	327	804	other
332	773	397	804	other
402	773	515	804	other
520	773	546	804	other
551	773	593	804	other
598	773	679	804	other
684	773	801	804	other
806	773	892	804	other
897	773	986	804	other
576	1115	658	1145	other
992	773	1135	804	other
1140	773	1166	804	other
1171	773	1240	804	other
1245	773	1256	804	other
1261	773	1323	804	other
1328	773	1393	804	other
249	811	348	841	other
353	811	379	841	other
384	811	503	841	other
508	811	544	841	other
548	811	598	841	other
603	811	667	841	other
283	887	474	929	other
562	887	800	929	other
249	986	259	1017	other
264	988	351	1024	other
357	988	434	1024	other
440	988	475	1024	other
481	988	558	1024	other
249	1038	413	1069	other
374	1077	401	1107	other
458	310	675	352	other
283	310	450	352	other
592	439	672	469	other
482	887	554	929	other