330	1232	345	1257	other
349	1232	419	1257	other
997	1714	1049	1739	other
1353	1714	1367	1739	other
198	1758	242	1783	other
840	1758	855	1783	other
997	1758	1049	1783	other
1253	1758	1267	1783	other
198	1802	238	1827	other
840	1802	855	1827	other
997	1802	1049	1827	other
1353	1802	1367	1827	other
108	1915	170	1940	other
198	1950	261	1975	other
264	1950	326	1975	other
840	1950	855	1975	other
997	1950	1049	1975	other
1253	1950	1267	1975	other
198	1993	290	2018	other
295	1993	366	2018	other
840	1993	855	2018	other
997	1993	1049	2018	other
1353	1993	1367	2018	other
198	2037	244	2062	other
840	2037	855	2062	other
997	2037	1049	2062	other
1253	2037	1267	2062	other
198	2080	338	2105	other
840	2080	855	2105	other
1253	2080	1267	2105	other
997	2080	1049	2105	other
773	886	844	911	other
424	898	586	923	other
867	838	985	863	other
773	838	863	863	other
424	838	511	863	other
773	787	855	812	other
498	787	547	812	other
424	787	495	812	other
864	735	963	760	other
773	735	860	760	other
424	735	488	760	other
498	684	566	709	other
424	684	495	709	other
146	706	217	731	other
108	706	142	731	other
172	680	243	705	other
108	680	168	705	other
837	632	906	657	other
824	632	833	657	other
773	632	821	657	other
424	632	583	657	other
848	886	926	911	other
929	886	992	911	other
996	886	1023	911	other
1027	886	1138	911	other
1141	886	1180	911	other
1183	886	1229	911	other
1233	886	1303	911	other
1306	886	1376	911	other
1379	886	1434	911	other
1437	886	1542	911	other
773	911	882	936	other
424	958	495	983	other
481	1010	617	1035	other
498	958	618	983	other
773	958	783	983	other
786	958	906	983	other
910	958	1008	983	other
1012	958	1033	983	other
1036	958	1130	983	other
1134	958	1266	983	other
424	1010	478	1035	other
1054	581	1104	606	other
1042	581	1050	606	other
967	581	1038	606	other
925	581	964	606	other
827	581	921	606	other
773	581	823	606	other
621	581	739	606	other
481	581	617	606	other
424	581	478	606	other
923	548	992	573	other
879	548	919	573	other
782	548	876	573	other
1488	518	1538	543	other
1443	518	1485	543	other
1404	518	1439	543	other
1292	518	1400	543	other
1278	518	1288	543	other
1144	518	1275	543	other
1100	518	1134	543	other
621	1010	739	1035	other
773	1010	821	1035	other
825	1010	895	1035	other
898	1010	968	1035	other
971	1010	1019	1035	other
424	1062	583	1087	other
773	1062	827	1087	other
831	1062	967	1087	other
108	1169	267	1194	other
270	1169	429	1194	other
433	1169	515	1194	other
108	1232	248	1257	other
298	1232	320	1257	other
1475	210	1496	235	other
796	442	849	467	other
782	442	792	467	other
782	518	867	543	other
498	522	618	547	other
424	522	495	547	other
936	467	998	492	other
879	467	932	492	other
796	467	876	492	other
841	416	903	441	other
796	416	838	441	other
782	416	792	441	other
889	390	940	415	other
824	684	928	709	project_name
773	684	821	709	project_name
796	390	886	415	other
782	390	792	415	other
874	364	926	389	other
796	364	871	389	other
782	364	792	389	other
796	339	929	364	other
782	339	792	364	other
964	313	1016	338	other
932	313	961	338	other
874	313	929	338	other
846	313	871	338	other
796	313	843	338	other
782	313	792	338	other
1220	288	1314	313	other
1169	288	1216	313	other
1078	288	1166	313	other
1031	288	1075	313	other
999	288	1027	313	other
927	288	996	313	other
885	288	924	313	other
796	288	881	313	other
782	288	792	313	other
1328	262	1375	287	other
1203	262	1325	287	other
1121	262	1199	287	other
1047	262	1118	287	other
1002	262	1044	287	other
888	262	998	287	other
851	262	885	287	other
796	262	847	287	other
782	262	792	287	other
1040	236	1104	261	other
1016	236	1037	261	other
865	236	1013	261	other
782	236	861	261	other
852	442	880	467	other
1373	210	1472	235	other
1292	210	1369	235	other
1218	210	1288	235	other
1130	210	1214	235	other
1039	210	1126	235	other
1006	210	1035	235	other
883	210	1002	235	other
796	210	879	235	other
782	210	792	235	other
424	335	586	360	other
893	156	1014	181	other
851	156	890	181	other
773	156	848	181	other
424	156	511	181	other
195	2173	210	2198	other
171	2173	191	2198	other
152	2173	167	2198	other
94	2173	148	2198	other
869	518	903	543	other
906	518	952	543	other
956	518	1065	543	other
1068	518	1097	543	other
782	467	792	492	other
931	442	1026	467	other
884	442	927	467	other
840	1714	855	1739	other
1274	1232	1289	1257	other
1292	1232	1307	1257	other
1311	1232	1372	1257	other
298	1258	320	1283	other
330	1258	345	1283	other
348	1258	363	1283	other
367	1258	382	1283	other
386	1258	468	1283	other
774	1258	796	1283	other
806	1258	821	1283	other
824	1258	839	1283	other
842	1258	857	1283	other
861	1258	922	1283	other
1224	1258	1246	1283	other
1256	1258	1271	1283	other
1274	1258	1289	1283	other
1293	1258	1354	1283	other
108	1286	156	1311	other
159	1286	222	1311	other
298	1286	346	1311	other
350	1286	397	1311	other
774	1232	796	1257	other
806	1232	821	1257	other
824	1232	839	1257	other
842	1232	870	1257	other
874	1232	956	1257	other
1224	1232	1246	1257	other
1256	1232	1271	1257	other
401	1286	456	1311	other
108	1312	180	1337	other
183	1312	242	1337	other
298	1312	320	1337	other
330	1312	429	1337	other
432	1312	492	1337	other
774	1312	796	1337	other
806	1312	926	1337	other
930	1312	983	1337	other
987	1312	1010	1337	other
1014	1312	1055	1337	other
1058	1312	1151	1337	other
1224	1312	1246	1337	other
1255	1312	1327	1337	other
1330	1312	1390	1337	other
298	1340	320	1365	other
330	1340	409	1365	other
413	1340	466	1365	other
469	1340	493	1365	other
497	1340	538	1365	other
541	1340	634	1365	other
774	1340	796	1365	other
805	1340	850	1365	other
853	1340	913	1365	other
916	1340	1019	1365	other
1302	1366	1368	1391	other
1372	1366	1420	1391	other
786	1388	909	1413	other
974	1388	1018	1413	other
1022	1388	1072	1413	other
1152	1410	1167	1435	other
1252	1410	1267	1435	other
1352	1410	1367	1435	other
1452	1410	1467	1435	other
1554	1410	1569	1435	other
108	1454	200	1479	other
198	1488	254	1513	other
840	1488	855	1513	other
997	1488	1049	1513	other
1253	1488	1267	1513	other
198	1532	290	1557	other
840	1532	855	1557	other
997	1532	1049	1557	other
1555	1532	1569	1557	other
108	1680	255	1705	other
198	1714	247	1739	other